uint8_t parole_in_byte[] = {
    116, 112, 121, 110, 107, 103, 110, 106, // tpynkgnj
    112, 107, 120, 107, 98, 118, 116, // pkxkbvt
    113, 106, 100, 97, 101, 102, // qjdaef
    101, 115, 120, 100, // esxd
    97, 115, 103, // asg
    108, 101, 112, // lep
    100, 99, 115, 120, 113, 111, 108, 118, 120, // dcsxqolvx
    121, 120, 113, 113, 121, 116, 102, // yxqqytf
    118, 105, 114, 112, // virp
    105, 99, 120, 105, // icxi
    108, 118, 104, 120, 122, 116, 116, 110, // lvhxzttn
    112, 101, 99, // pec
    118, 99, 106, 115, 117, 111, 118, 122, 100, 97, // vcjsuovzda
    107, 120, 97, 105, 111, 117, 111, 115, // kxaiouos
    108, 122, 119, 102, 120, 105, 104, 97, 114, // lzwfxihar
    102, 114, 104, 117, 101, 102, 111, 102, 105, // frhuefofi
    101, 120, 97, 111, // exao
    112, 107, 108, // pkl
    100, 116, 102, 114, 106, 105, 111, 104, 102, 112, // dtfrjiohfp
    118, 102, 109, // vfm
    105, 97, 119, 109, // iawm
    102, 103, 103, 120, 99, 120, 108, // fggxcxl
    110, 118, 97, 113, // nvaq
    117, 119, 104, 118, 102, 116, 116, 110, // uwhvfttn
    104, 102, 120, 107, 103, // hfxkg
    120, 111, 97, // xoa
    117, 97, 111, 109, 104, 99, 101, 115, 117, // uaomhcesu
    106, 112, 101, 121, 98, 122, 108, 103, 109, // jpeybzlgm
    117, 116, 105, 119, 106, 107, 111, 107, 110, // utiwjkokn
    102, 109, 118, 115, 110, 114, 115, // fmvsnrs
    112, 122, 117, // pzu
    109, 107, 103, 119, 100, 114, 115, 102, // mkgwdrsf
    105, 122, 107, // izk
    98, 122, 122, 111, // bzzo
    109, 116, 114, 109, 106, 100, 122, 99, 100, // mtrmjdzcd
    115, 118, 108, 110, 108, 111, 108, 106, 105, // svlnlolji
    97, 108, 115, 113, 117, 105, 97, 118, // alsquiav
    112, 111, 115, 122, 122, 114, 102, 99, 97, // poszzrfca
    106, 107, 122, 115, // jkzs
    118, 97, 108, 107, // valk
    119, 119, 115, 109, 99, 98, 113, // wwsmcbq
    116, 112, 107, 102, 101, 113, 98, 116, 119, 97, // tpkfeqbtwa
    112, 101, 113, 121, // peqy
    108, 108, 107, 112, // llkp
    120, 106, 115, 116, 113, 112, 112, 99, // xjstqppc
    113, 115, 102, 120, 120, // qsfxx
    102, 109, 122, 98, 112, 106, 101, 102, // fmzbpjef
    109, 120, 119, 104, 101, 103, 105, // mxwhegi
    112, 117, 109, 104, 110, 117, 117, // pumhnuu
    97, 120, 103, 97, 111, 98, 113, 100, // axgaobqd
    111, 115, 107, 107, 119, 118, 116, 111, // oskkwvto
    110, 112, 121, 112, 100, 117, 120, // npypdux
    98, 121, 117, 122, // byuz
    103, 119, 109, 112, 100, 102, 105, // gwmpdfi
    120, 97, 109, // xam
    119, 122, 102, 110, 98, 120, // wzfnbx
    116, 113, 98, 120, 114, // tqbxr
    116, 111, 104, 113, 116, 103, 113, 118, 106, 98, // tohqtgqvjb
    107, 100, 104, 109, 98, 112, 111, 103, 102, 100, // kdhmbpogfd
    119, 115, 100, 103, 111, // wsdgo
    108, 102, 109, // lfm
    120, 98, 120, 112, 110, 99, 116, 122, 98, 104, // xbxpnctzbh
    116, 122, 103, 109, 100, 102, 107, 118, // tzgmdfkv
    110, 120, 102, 111, 100, 114, 110, // nxfodrn
    108, 100, 104, 107, 118, 108, 109, 106, 115, // ldhkvlmjs
    115, 119, 103, 120, // swgx
    118, 118, 120, 121, 115, 105, 118, 111, 121, // vvxysivoy
    112, 121, 107, 114, 121, 113, 98, 119, 118, // pykryqbwv
    110, 97, 112, 105, 97, 111, // napiao
    119, 120, 121, 109, // wxym
    122, 99, 118, 105, 122, // zcviz
    103, 107, 116, 102, 101, 109, // gktfem
    117, 104, 110, 121, 114, 109, 101, 99, 119, // uhnyrmecw
    99, 122, 119, 101, 118, 105, 107, // czwevik
    101, 118, 118, 102, // evvf
    105, 118, 100, 110, 107, 103, 110, 98, // ivdnkgnb
    113, 114, 112, // qrp
    102, 114, 112, // frp
    118, 102, 110, 102, 103, // vfnfg
    122, 108, 108, 109, 106, 122, 97, 110, 117, 101, // zllmjzanue
    106, 121, 109, 100, 101, 120, 117, 108, 119, // jymdexulw
    111, 118, 103, 120, 118, 117, 106, 116, 113, 104, // ovgxvujtqh
    106, 118, 111, // jvo
    97, 118, 108, // avl
    110, 113, 117, 111, 100, 98, 122, 111, 100, 110, // nquodbzodn
    113, 112, 103, 108, // qpgl
    104, 122, 103, 116, 115, 101, 121, // hzgtsey
    117, 118, 116, 100, 102, 118, 111, 110, 114, // uvtdfvonr
    98, 113, 113, 113, 101, 114, 114, 110, // bqqqerrn
    113, 100, 105, 111, 119, // qdiow
    110, 114, 120, 122, 103, 104, 119, 116, // nrxzghwt
    106, 114, 103, 117, 99, // jrguc
    118, 99, 112, 113, 101, 122, 122, 121, 100, 101, // vcpqezzyde
    121, 97, 117, 115, 114, 120, // yausrx
    106, 101, 101, 118, 107, // jeevk
    117, 108, 97, 102, // ulaf
    104, 115, 107, 97, 114, 105, // hskari
    103, 103, 118, 108, 120, 105, 113, 98, 105, 109, // ggvlxiqbim
    115, 102, 103, 107, 102, // sfgkf
    98, 97, 107, 115, 101, 118, 109, 115, 106, // baksevmsj
    115, 121, 114, 119, 98, 108, 111, 108, 98, 110, // syrwblolbn
    110, 115, 120, 105, 97, 104, 107, // nsxiahk
    116, 119, 99, 114, 102, 106, 115, 112, // twcrfjsp
    114, 121, 99, 112, 109, 109, 118, // rycpmmv
    103, 109, 97, 119, 97, 116, 122, 102, 109, 120, // gmawatzfmx
    110, 100, 119, 97, 122, 103, // ndwazg
    120, 113, 109, 122, 107, 121, // xqmzky
    112, 109, 115, 106, 120, // pmsjx
    114, 100, 102, 102, 121, // rdffy
    108, 111, 100, 108, 105, 114, 116, 119, // lodlirtw
    111, 106, 120, 106, 113, 117, // ojxjqu
    118, 119, 115, 109, 120, 117, 120, 122, 122, 120, // vwsmxuxzzx
    111, 111, 120, 98, 118, 119, // ooxbvw
    113, 114, 116, 100, 108, 101, 118, // qrtdlev
    115, 103, 101, // sge
    107, 102, 98, 115, 106, 106, // kfbsjj
    122, 100, 118, 117, 100, 113, // zdvudq
    98, 109, 111, 106, 115, 114, 112, 100, 121, // bmojsrpdy
    98, 112, 102, 117, 108, 114, 106, // bpfulrj
    107, 115, 122, 119, 110, 119, 105, 107, // kszwnwik
    97, 102, 113, 122, 111, 121, 112, 121, // afqzoypy
    118, 100, 105, 100, 121, 120, 119, 117, 113, // vdidyxwuq
    97, 104, 113, 118, 107, 120, 100, // ahqvkxd
    99, 102, 108, 107, 101, 103, 106, // cflkegj
    100, 110, 105, 111, 107, 110, // dniokn
    121, 103, 106, 112, // ygjp
    98, 101, 111, 97, 104, 107, // beoahk
    110, 117, 112, 122, 105, 122, 121, 101, // nupzizye
    114, 112, 111, 117, 120, // rpoux
    115, 103, 105, // sgi
    100, 110, 106, 99, 121, 120, 99, // dnjcyxc
    113, 110, 117, 115, 115, 119, 109, 103, 120, // qnusswmgx
    98, 112, 118, 101, 102, 118, // bpvefv
    100, 102, 116, 116, 112, 105, 118, 100, // dfttpivd
    117, 121, 118, 122, 113, 108, 102, 121, 122, 118, // uyvzqlfyzv
    99, 116, 104, 100, 119, 113, 108, 99, 114, // cthdwqlcr
    109, 100, 116, 114, // mdtr
    114, 97, 120, 118, 102, 110, 118, 106, 97, 107, // raxvfnvjak
    99, 108, 115, 116, 104, 121, 102, 116, // clsthyft
    114, 105, 101, 98, 118, 122, // riebvz
    97, 111, 113, 108, // aoql
    98, 107, 103, 102, 111, 122, 115, // bkgfozs
    113, 121, 106, 118, // qyjv
    101, 98, 116, 104, // ebth
    105, 116, 112, 107, 108, 122, 102, 98, // itpklzfb
    120, 115, 107, 107, 110, 120, 119, 122, 120, 120, // xskknxwzxx
    114, 100, 115, 111, // rdso
    119, 108, 106, 116, // wljt
    118, 98, 106, 118, // vbjv
    121, 111, 121, 104, 109, 107, 115, 109, 114, // yoyhmksmr
    119, 115, 120, 110, 120, 105, 113, 105, // wsxnxiqi
    113, 118, 122, 122, // qvzz
    105, 99, 113, 103, 102, 104, 108, 110, // icqgfhln
    119, 110, 102, 110, 108, 100, // wnfnld
    115, 103, 118, 114, 121, 121, 116, 120, // sgvryytx
    112, 102, 121, 110, 120, 105, 113, 100, 109, // pfynxiqdm
    106, 108, 115, 117, // jlsu
    107, 113, 121, 101, // kqye
    103, 113, 106, 102, 112, 105, 106, 116, // gqjfpijt
    122, 99, 112, 112, 105, 99, 103, 115, 121, // zcppicgsy
    121, 110, 113, 118, 115, 104, 98, // ynqvshb
    101, 104, 122, 108, 99, // ehzlc
    115, 100, 111, // sdo
    116, 99, 119, 114, 107, 118, 109, 115, 103, // tcwrkvmsg
    117, 114, 113, 106, 101, 110, 118, 107, 100, 98, // urqjenvkdb
    117, 111, 120, 120, 101, // uoxxe
    118, 97, 98, 100, 99, // vabdc
    116, 107, 103, 111, 122, 122, 97, 99, 119, // tkgozzacw
    114, 121, 120, 115, 122, // ryxsz
    109, 115, 119, 101, 104, 118, // mswehv
    110, 103, 97, // nga
    111, 112, 110, 112, 100, 107, 108, 115, 121, 97, // opnpdklsya
    113, 115, 114, 122, 116, // qsrzt
    119, 110, 97, // wna
    107, 121, 107, 117, // kyku
    121, 120, 100, 105, 115, 97, 98, 108, 101, 114, // yxdisabler
    114, 119, 121, 116, 116, 110, 115, // rwyttns
    116, 110, 121, 100, // tnyd
    101, 97, 116, 107, 114, 105, // eatkri
    114, 117, 116, 99, 117, 120, 112, // rutcuxp
    108, 107, 114, 110, // lkrn
    117, 105, 118, 104, 107, 104, 107, 111, 101, 98, // uivhkhkoeb
    97, 108, 121, 119, 112, 122, 111, 122, 116, 116, // alywpzoztt
    108, 101, 102, // lef
    111, 113, 105, // oqi
    117, 109, 110, 118, 108, 117, 102, 118, 97, // umnvlufva
    101, 100, 115, 108, 106, 120, // edsljx
    116, 100, 111, 99, // tdoc
    107, 107, 118, 102, 98, 100, 116, // kkvfbdt
    121, 113, 110, 117, 118, 121, 103, 106, 114, // yqnuvygjr
    117, 105, 110, 107, 98, 98, 115, 118, 122, 97, // uinkbbsvza
    120, 116, 110, 99, 100, 104, 110, 116, // xtncdhnt
    113, 122, 120, 121, 118, 110, 97, // qzxyvna
    103, 115, 114, // gsr
    113, 107, 110, 119, 110, 120, 119, 120, 113, 105, // qknwnxwxqi
    109, 100, 111, 107, 100, 122, 111, 101, 99, 109, // mdokdzoecm
    102, 122, 109, 103, 110, 102, 122, // fzmgnfz
    117, 111, 121, 99, 107, 100, 103, 100, 120, 97, // uoyckdgdxa
    115, 104, 99, 100, 112, // shcdp
    114, 106, 101, 120, // rjex
};